 46     1:B-NP     1:B-NP       *1,0,0,0,0,0,0,0,0,0,0,0,0,0,0,0,0,0,0,0,0,0,0 (These,start,include)
 47     4:B-VP     4:B-VP       0,0,0.281,*0.719,0,0,0,0,0,0,0,0,0,0,0,0,0,0,0,0,0,0,0 (include,DT,virg)
 48        7:O        7:O       0,0,0,0,0,0,*1,0,0,0,0,0,0,0,0,0,0,0,0,0,0,0,0 (virg,VBP,among)
 49     2:B-PP     2:B-PP       0.001,*0.999,0,0,0,0,0,0,0,0,0,0,0,0,0,0,0,0,0,0,0,0,0 (among,virg,other)
 50     1:B-NP     1:B-NP       *1,0,0,0,0,0,0,0,0,0,0,0,0,0,0,0,0,0,0,0,0,0,0 (other,IN,parts)
 51     3:I-NP     3:I-NP       0,0,*1,0,0,0,0,0,0,0,0,0,0,0,0,0,0,0,0,0,0,0,0 (parts,JJ,virg)
 52        7:O        7:O       0,0,0,0,0,0,*1,0,0,0,0,0,0,0,0,0,0,0,0,0,0,0,0 (virg,NNS,each)
 53     1:B-NP     1:B-NP       *1,0,0,0,0,0,0,0,0,0,0,0,0,0,0,0,0,0,0,0,0,0,0 (each,virg,jetliner)
 54     3:I-NP     3:I-NP       0,0,*1,0,0,0,0,0,0,0,0,0,0,0,0,0,0,0,0,0,0,0,0 (jetliner,DT,'\'s')
 55     1:B-NP     1:B-NP       *0.996,0,0,0.004,0,0,0,0,0,0,0,0,0,0,0,0,0,0,0,0,0,0,0 ('\'s',NN,two)
 56     3:I-NP     3:I-NP       0.004,0,*0.996,0,0,0,0,0,0,0,0,0,0,0,0,0,0,0,0,0,0,0,0 (two,POS,major)
 57     3:I-NP     3:I-NP       0.001,0,*0.999,0,0,0,0,0,0,0,0,0,0,0,0,0,0,0,0,0,0,0,0 (major,CD,bulkheads)
 58     3:I-NP     3:I-NP       0,0,*1,0,0,0,0,0,0,0,0,0,0,0,0,0,0,0,0,0,0,0,0 (bulkheads,JJ,virg)
 59        7:O        7:O       0,0,0,0,0,0,*1,0,0,0,0,0,0,0,0,0,0,0,0,0,0,0,0 (virg,NNS,a)
 60     1:B-NP     1:B-NP       *1,0,0,0,0,0,0,0,0,0,0,0,0,0,0,0,0,0,0,0,0,0,0 (a,virg,pressure)
 61     3:I-NP     3:I-NP       0,0,*1,0,0,0,0,0,0,0,0,0,0,0,0,0,0,0,0,0,0,0,0 (pressure,DT,floor)
 62     3:I-NP     3:I-NP       0.002,0,*0.998,0,0,0,0,0,0,0,0,0,0,0,0,0,0,0,0,0,0,0,0 (floor,NN,virg)
 63        7:O        7:O       0,0,0.001,0,0,0,*0.999,0,0,0,0,0,0,0,0,0,0,0,0,0,0,0,0 (virg,NN,torque)
 64     1:B-NP     1:B-NP       *0.99,0,0.006,0.003,0,0,0,0,0.001,0,0,0,0,0,0,0,0,0,0,0,0,0,0 (torque,virg,box)
 65     3:I-NP     3:I-NP       0.003,0,*0.994,0,0,0,0,0,0.002,0,0,0,0,0,0,0,0,0,0,0,0,0,0 (box,NN,virg)
 66        7:O        7:O       0,0,0,0,0,0,*1,0,0,0,0,0,0,0,0,0,0,0,0,0,0,0,0 (virg,NN,fixed)
 67     1:B-NP     4:B-VP   +   0.126,0.005,0.001,*0.866,0,0,0.001,0,0,0,0,0,0,0,0,0,0,0,0,0,0,0,0 (fixed,virg,leading)
 68     3:I-NP     5:I-VP   +   0.061,0.087,0.316,0.076,*0.451,0.001,0,0,0,0,0,0,0,0.005,0,0,0,0,0,0,0,0,0 (leading,VBN,edges)
 69     3:I-NP     3:I-NP       0.056,0,*0.943,0,0,0,0,0,0,0,0,0,0,0,0,0,0,0,0,0,0,0,0 (edges,VBG,for)
 70     2:B-PP     2:B-PP       0,*0.999,0,0,0,0.001,0,0,0,0,0,0,0,0,0,0,0,0,0,0,0,0,0 (for,NNS,the)
 71     1:B-NP     1:B-NP       *1,0,0,0,0,0,0,0,0,0,0,0,0,0,0,0,0,0,0,0,0,0,0 (the,IN,wings)
 72     3:I-NP     3:I-NP       0,0,*1,0,0,0,0,0,0,0,0,0,0,0,0,0,0,0,0,0,0,0,0 (wings,DT,and)
 73        7:O        7:O       0,0.004,0,0,0,0,*0.996,0,0,0,0,0,0,0,0,0,0,0,0,0,0,0,0 (and,NNS,an)
 74     1:B-NP     1:B-NP       *1,0,0,0,0,0,0,0,0,0,0,0,0,0,0,0,0,0,0,0,0,0,0 (an,CC,aft)
 75     3:I-NP     3:I-NP       0,0,*1,0,0,0,0,0,0,0,0,0,0,0,0,0,0,0,0,0,0,0,0 (aft,DT,keel)
 76     3:I-NP     3:I-NP       0.011,0.001,*0.97,0.002,0,0,0,0,0,0.001,0.012,0,0.002,0,0,0,0,0,0,0,0,0,0 (keel,JJ,beam)
 77     3:I-NP     3:I-NP       0.008,0,*0.979,0.005,0,0,0,0.003,0.005,0,0.001,0,0,0,0,0,0,0,0,0,0,0,0 (beam,NN,.)
 78        7:O        7:O       0,0,0,0,0,0,*1,0,0,0,0,0,0,0,0,0,0,0,0,0,0,0,0 (.,NN,end)