 46 B-NP 1 0 0 0 0 0 0 0 0 0 0 0 0 0 0 0 0 0 0 0 0 0 0  These
 47 B-VP 0 0 0.281 0.719 0 0 0 0 0 0 0 0 0 0 0 0 0 0 0 0 0 0 0  include
 48 O 0 0 0 0 0 0 1 0 0 0 0 0 0 0 0 0 0 0 0 0 0 0 0  virg
 49 B-PP 0.001 0.999 0 0 0 0 0 0 0 0 0 0 0 0 0 0 0 0 0 0 0 0 0  among
 50 B-NP 1 0 0 0 0 0 0 0 0 0 0 0 0 0 0 0 0 0 0 0 0 0 0  other
 51 I-NP 0 0 1 0 0 0 0 0 0 0 0 0 0 0 0 0 0 0 0 0 0 0 0  parts
 52 O 0 0 0 0 0 0 1 0 0 0 0 0 0 0 0 0 0 0 0 0 0 0 0  virg
 53 B-NP 1 0 0 0 0 0 0 0 0 0 0 0 0 0 0 0 0 0 0 0 0 0 0  each
 54 I-NP 0 0 1 0 0 0 0 0 0 0 0 0 0 0 0 0 0 0 0 0 0 0 0  jetliner
 55 B-NP 0.996 0 0 0.004 0 0 0 0 0 0 0 0 0 0 0 0 0 0 0 0 0 0 0  '\'s'
 56 I-NP 0.004 0 0.996 0 0 0 0 0 0 0 0 0 0 0 0 0 0 0 0 0 0 0 0  two
 57 I-NP 0.001 0 0.999 0 0 0 0 0 0 0 0 0 0 0 0 0 0 0 0 0 0 0 0  major
 58 I-NP 0 0 1 0 0 0 0 0 0 0 0 0 0 0 0 0 0 0 0 0 0 0 0  bulkheads
 59 O 0 0 0 0 0 0 1 0 0 0 0 0 0 0 0 0 0 0 0 0 0 0 0  virg
 60 B-NP 1 0 0 0 0 0 0 0 0 0 0 0 0 0 0 0 0 0 0 0 0 0 0  a
 61 I-NP 0 0 1 0 0 0 0 0 0 0 0 0 0 0 0 0 0 0 0 0 0 0 0  pressure
 62 I-NP 0.002 0 0.998 0 0 0 0 0 0 0 0 0 0 0 0 0 0 0 0 0 0 0 0  floor
 63 O 0 0 0.001 0 0 0 0.999 0 0 0 0 0 0 0 0 0 0 0 0 0 0 0 0  virg
 64 B-NP 0.99 0 0.006 0.003 0 0 0 0 0.001 0 0 0 0 0 0 0 0 0 0 0 0 0 0  torque
 65 I-NP 0.003 0 0.994 0 0 0 0 0 0.002 0 0 0 0 0 0 0 0 0 0 0 0 0 0  box
 66 O 0 0 0 0 0 0 1 0 0 0 0 0 0 0 0 0 0 0 0 0 0 0 0  virg
 67 B-NP 0.126 0.005 0.001 0.866 0 0 0.001 0 0 0 0 0 0 0 0 0 0 0 0 0 0 0 0  fixed
 68 I-NP 0.061 0.087 0.316 0.076 0.451 0.001 0 0 0 0 0 0 0 0.005 0 0 0 0 0 0 0 0 0  leading
 69 I-NP 0.056 0 0.943 0 0 0 0 0 0 0 0 0 0 0 0 0 0 0 0 0 0 0 0  edges
 70 B-PP 0 0.999 0 0 0 0.001 0 0 0 0 0 0 0 0 0 0 0 0 0 0 0 0 0  for
 71 B-NP 1 0 0 0 0 0 0 0 0 0 0 0 0 0 0 0 0 0 0 0 0 0 0  the
 72 I-NP 0 0 1 0 0 0 0 0 0 0 0 0 0 0 0 0 0 0 0 0 0 0 0  wings
 73 O 0 0.004 0 0 0 0 0.996 0 0 0 0 0 0 0 0 0 0 0 0 0 0 0 0  and
 74 B-NP 1 0 0 0 0 0 0 0 0 0 0 0 0 0 0 0 0 0 0 0 0 0 0  an
 75 I-NP 0 0 1 0 0 0 0 0 0 0 0 0 0 0 0 0 0 0 0 0 0 0 0  aft
 76 I-NP 0.011 0.001 0.97 0.002 0 0 0 0 0 0.001 0.012 0 0.002 0 0 0 0 0 0 0 0 0 0 keel
 77 I-NP 0.008 0 0.979 0.005 0 0 0 0.003 0.005 0 0.001 0 0 0 0 0 0 0 0 0 0 0 0 beam 
 78 O 0 0 0 0 0 0 1 0 0 0 0 0 0 0 0 0 0 0 0 0 0 0 0 . 