4538
42 81
42 42
68 56
68 25
77 14
57 63
17 75
19 41
94 19
34 12
87 25
27 37
99 10
30 86
59 6
100 46
30 7
38 18
86 79
69 8
53 51
59 53
40 38
96 100
57 82
70 70
84 24
47 57
86 15
28 97
61 19
56 77
24 85
75 35
39 6
53 15
85 98
83 14
58 2
47 80
68 53
29 63
49 48
3 59
78 25
11 56
36 71
84 15
12 81
37 2
39 68
14 34
83 47
53 82
32 46
62 21
94 79
16 80
80 6
7 68
76 10
50 84
33 77
61 24
82 33
53 18
25 58
81 100
40 14
65 55
25 75
67 79
17 4
85 1
46 13
50 42
6 48
69 45
92 18
11 84
91 39
50 3
1 36
18 91
89 79
44 15
34 81
55 6
44 96
54 65
2 2
97 90
57 42
8 57
36 98
58 71
69 59
68 54
72 50
92 90
52 79
69 50
58 80
1 90
91 63
55 20
2 97
64 88
50 4
100 35
97 16
50 9
37 23
23 27
54 3
25 28
11 69
33 43
98 63
15 6
85 45
98 10
82 57
79 12
95 99
52 88
8 33
82 25
67 28
16 17
66 63
59 75
20 56
2 86
33 82
39 60
100 83
9 4
87 75
89 46
86 61
88 2
45 41
75 93
56 47
82 72
25 76
59 57
52 10
22 8
88 31
54 46
43 51
99 18
84 19
64 2
9 80
53 89
31 59
5 87
86 3
25 32
26 8
73 35
28 31
25 76
71 84
8 17
82 3
13 67
78 52
62 91
34 42
46 47
31 96
72 36
99 100
26 91
98 16
88 61
47 93
21 98
41 34
41 6
13 6
53 47
69 40
96 99
63 81
43 7
56 16
19 64
57 42
56 78
32 83
33 83
44 25
36 39
34 64
44 47
100 28
49 54
96 16
94 96
18 68
92 82
79 26
35 71
78 37
27 3
65 34
37 33
93 92
53 22
67 91
66 45
99 18
85 17
51 39
35 88
69 99
82 30
59 11
56 77
20 29
83 37
80 25
5 47
64 1
84 84
36 59
15 8
42 82
35 68
95 79
100 1
90 43
52 27
1 54
46 30
5 3
73 61
26 91
88 53
71 92
94 84
64 47
11 51
77 62
45 50
16 64
25 28
92 46
78 71
12 21
97 42
79 66
16 98
18 41
88 2
73 37
82 15
7 84
73 48
28 89
18 19
45 32
14 41
39 6
21 97
1 33
84 45
24 33
76 76
41 47
67 8
70 68
96 36
35 26
86 38
7 66
83 88
11 41
39 4
18 78
48 18
12 41
60 18
83 70
10 76
58 44
79 33
57 78
85 19
1 24
46 40
2 96
26 60
57 7
47 81
99 98
71 8
8 35
13 63
91 73
73 1
42 85
4 59
44 45
79 77
68 23
61 84
98 32
61 55
32 63
31 60
49 46
34 75
61 96
11 90
22 84
25 24
37 1
44 8
62 99
60 69
49 51
11 24
1 15
95 34
23 17
23 69
48 30
38 82
4 59
69 77
3 48
10 40
26 50
9 85
31 71
56 64
39 95
27 18
44 26
77 16
59 29
39 55
32 67
50 1
49 86
33 62
21 58
61 86
26 2
8 18
23 13
77 33
39 72
46 20
31 71
94 26
11 54
34 92
77 31
90 69
43 38
49 14
74 29
1 68
72 37
9 3
6 85
89 20
16 22
8 3
11 92
10 31
76 5
74 50
79 56
31 69
22 74
54 37
33 49
46 5
92 29
76 68
100 31
71 46
32 44
5 51
18 80
37 72
21 6
81 3
58 1
87 97
72 48
7 47
6 30
88 15
15 67
16 17
93 40
52 86
51 15
49 40
73 68
28 80
63 100
63 97
10 26
73 34
62 37
78 4
9 92
32 30
41 14
2 49
49 67
34 36
58 7
87 65
65 38
78 59
54 8
14 57
99 60
74 31
14 48
1 55
82 99
69 50
17 48
54 78
24 43
83 77
92 43
4 28
80 27
95 86
97 33
28 79
17 65
60 53
36 2
73 86
81 52
68 96
96 6
20 59
78 34
35 9
98 64
60 24
60 40
35 76
56 13
7 91
88 67
22 31
11 7
98 4
50 86
7 39
65 56
64 79
67 72
96 95
8 90
62 32
23 92
75 49
8 41
5 33
8 100
84 50
52 94
27 72
21 73
56 60
53 49
97 51
27 43
32 35
9 88
48 86
71 71
70 6
65 100
58 57
97 2
78 5
87 36
9 84
14 45
78 90
31 22
84 44
30 72
42 82
90 11
88 44
74 33
69 7
94 8
92 22
31 64
25 24
82 5
40 74
57 66
74 94
36 82
85 64
29 96
51 83
18 82
67 67
26 62
22 82
75 74
93 82
15 54
60 48
44 96
48 99
50 92
42 71
72 74
96 36
34 62
49 82
89 58
61 11
22 51
27 18
30 45
66 11
95 97
39 56
63 34
25 31
57 16
80 13
86 30
8 72
78 10
10 8
85 15
25 89
57 38
71 32
52 7
67 11
40 15
27 76
63 87
18 30
2 96
84 77
94 6
95 24
97 88
2 60
79 13
21 54
21 53
31 14
76 21
92 52
6 78
31 61
29 30
65 48
54 62
4 14
29 41
55 71
88 52
7 7
70 7
39 57
45 3
9 44
55 18
12 95
78 97
71 31
25 12
100 25
63 93
50 85
67 99
80 35
41 38
11 48
87 38
12 65
52 16
83 16
32 8
56 69
82 96
96 9
30 57
91 9
78 41
37 77
7 6
72 75
94 19
9 3
97 97
11 34
88 68
77 53
80 68
64 20
60 7
64 31
4 72
40 59
59 39
94 38
77 40
21 30
77 54
86 85
54 61
54 35
44 7
73 96
74 45
36 53
6 34
5 9
57 50
49 1
55 65
52 13
46 58
41 45
31 78
88 25
6 54
3 58
100 54
89 19
48 100
48 99
22 61
67 8
50 3
15 61
48 73
55 1
10 99
74 89
41 49
81 8
78 20
27 93
84 8
52 42
34 69
79 8
58 57
4 20
1 90
38 37
31 29
87 43
68 20
76 44
57 59
32 25
81 94
62 46
96 76
83 59
45 79
54 79
64 77
34 59
98 24
46 71
29 19
4 46
25 5
17 59
1 38
10 81
56 52
83 7
36 12
16 41
76 71
1 11
50 41
84 40
16 89
3 100
36 14
87 2
96 89
15 38
8 31
78 43
27 12
88 49
48 36
5 49
28 97
4 54
26 5
11 60
64 4
24 64
26 95
19 16
46 93
27 65
93 99
76 19
13 16
39 76
60 38
38 13
13 84
66 30
54 45
17 13
81 30
94 59
1 80
81 55
94 97
53 28
10 97
48 50
46 29
61 40
48 11
77 41
90 97
84 52
52 65
32 51
12 74
65 81
55 91
71 52
61 24
77 23
98 1
27 71
39 78
86 21
40 44
28 60
40 32
46 89
55 42
24 81
13 22
36 86
10 34
23 98
10 39
22 89
12 59
60 62
32 4
21 14
88 32
94 30
58 48
16 31
35 31
3 95
30 43
85 29
12 23
65 65
58 30
5 64
70 59
55 16
60 95
91 37
92 63
64 79
4 90
2 95
83 35
35 1
70 100
42 96
72 57
47 14
49 52
66 38
83 86
48 57
80 66
12 37
92 21
8 85
92 90
91 89
85 48
3 92
55 87
88 41
21 36
11 73
86 38
69 53
7 26
52 35
31 78
52 73
88 94
12 93
23 23
68 16
12 94
16 84
53 33
14 86
85 65
28 64
77 48
45 3
25 61
78 37
50 27
11 46
77 18
47 73
52 38
1 18
68 71
80 68
37 85
62 65
23 90
7 81
47 49
80 13
19 66
18 8
24 16
80 37
41 54
34 16
64 19
46 94
85 28
21 96
15 93
66 43
55 9
2 60
12 70
96 31
8 97
73 34
38 70
24 16
37 33
84 75
26 33
94 63
47 30
54 25
86 66
27 73
8 48
91 52
75 43
42 81
100 34
34 30
23 65
3 32
37 47
49 21
20 13
71 63
26 24
56 38
11 11
93 37
68 81
13 77
53 23
9 71
39 93
69 5
52 40
65 77
34 36
73 79
6 91
79 8
6 90
90 3
97 2
96 48
6 84
41 28
69 55
83 1
81 91
7 82
57 72
37 27
66 72
65 47
57 94
95 99
87 36
60 61
80 36
71 37
58 59
82 4
27 18
10 18
66 3
78 82
1 48
41 70
35 99
48 44
96 31
10 84
53 62
54 71
86 20
51 50
100 95
16 73
45 18
51 80
2 72
32 96
8 34
83 53
7 46
26 83
40 81
46 88
24 76
13 62
48 39
76 18
16 37
51 32
48 52
58 26
37 72
53 16
95 32
20 2
99 71
59 35
73 97
53 96
60 31
60 25
53 65
38 84
10 35
80 81
95 99
66 87
35 95
43 23
54 70
87 55
4 8
32 89
2 27
56 83
29 30
31 77
50 93
48 42
38 59
62 86
27 77
41 88
5 99
100 92
92 5
66 78

