870
142 181
42 142
168 56
168 125
177 114
157 163
17 75
119 141
94 19
134 12
87 25
127 37
99 10
30 86
159 106
200 46
30 107
38 18
186 79
69 8
153 51
59 153
140 138
196 200
57 82
170 170
184 24
147 57
186 115
28 97
61 119
156 77
124 185
75 135
139 106
153 115
185 98
83 14
158 2
47 80
68 53
129 163
49 148
103 159
178 125
111 156
36 71
184 115
12 181
37 2
39 68
14 34
83 147
153 182
132 46
62 121
194 79
16 180
80 106
7 68
176 10
50 84
33 77
161 124
82 33
153 118
25 58
81 200
140 114
65 155
25 75
67 79
17 4
185 1
46 13
150 42
6 48
169 45
192 118
11 84
91 139
50 103
101 136
118 91
89 179
144 115
34 181
155 6
44 96
154 165
2 2
97 190
57 42
8 57
36 198
58 71
169 159
68 154
72 50
192 190

